AGE	L. kindti	S. crystallina	D. longispina	E. coregoni	E. longispina	B. longirostris	O. gracilis	Eurycercinae	C. rectirostris	A. harpae	O. tenuicaudis	A. affinis	A. quadrangularis	A. guttata	A. rectangula	A. intermedia	A. costata	L. leydigi	L. acathocercoides	G. testudinaria	R. falcata	M. dispar	A. excisa	A. exigua	A. nana	D. rostrata	P. truncatus	P. trigonellus	P. uncinatus	P. laevis	C. sphaericus	P. pigra
2008	447.8840069	348.3542276	16173.58914	1791.536028	1240.294173	551.2418546	49.76488966	0	99.52977931	298.5893379	0	99.52977931	0	0	99.52977931	149.294669	0	0	0	0	0	99.52977931	199.0595586	0	0	0	0	199.0595586	0	0	497.6488966	0
2005	311.6668975	380.926208	8345.746921	1267.104763	475.1642863	4698.846831	0	0	69.25931055	173.1482764	0	138.5186211	138.5186211	69.25931055	207.7779316	103.8889658	0	0	0	0	0	0	0	0	0	0	0	0	0	0	831.1117266	69.25931055
2001	262.947397	197.2105477	14889.39635	279.8257772	335.7909326	1455.094041	0	0	98.60527387	65.73684924	0	262.947397	0	65.73684924	0	98.60527387	0	0	0	65.73684924	0	0	32.86842462	0	0	0	0	65.73684924	0	0	657.3684924	0
1998	621.2960214	0	13499.0681	229.1533378	0	1775.938368	0	0	0	112.962913	28.24072825	338.888739	0	395.3701954	225.925826	254.1665542	56.48145649	56.48145649	56.48145649	0	0	84.72218474	28.24072825	0	28.24072825	56.48145649	0	0	0	0	960.1847604	0
1995	5493.823407	0	80257.59412	0	6900.454521	8625.568152	0	0	0	477.7237745	0	66.99899555	0	401.9939733	66.99899555	0	33.49949778	0	66.99899555	66.99899555	0	0	0	0	0	0	0	0	0	0	4957.925671	0
1991	4157.316859	0	25834.75476	2279.437937	10420.28771	15956.06556	0	0	0	296.9512042	0	44.18790596	0	176.7516239	0	44.18790596	0	0	0	0	0	0	0	0	0	0	0	44.18790596	463.9730126	0	441.8790596	0
1988	260.4840971	0	3842.140432	0	3078.238488	7015.520274	0	0	0	0	0	0	0	130.2420485	0	0	0	0	0	0	0	0	0	0	0	0	0	0	0	0	1172.178437	0
1983	957.9344211	547.3910978	1505.325519	0	329.2279791	33745.86786	0	0	0	0	0	0	0	547.3910978	0	0	0	0	0	0	0	0	0	0	0	0	0	0	0	0	15600.64629	0
1980	726.8369074	0	484.5579382	1778.098872	592.699624	66678.7077	0	0	0	0	0	0	0	484.5579382	0	0	0	0	0	0	0	0	0	0	0	0	0	0	0	0	49909.46764	0
1978	0	532.6718173	532.6718173	296.8201391	593.6402783	48381.68268	0	0	0	0	0	0	0	0	0	0	0	0	532.6718173	0	0	0	0	0	0	0	0	0	0	0	46875.11992	0
1975	426.2697911	319.7023434	2451.051299	925.0961425	0	28061.24965	106.5674478	0	213.1348956	0	0	213.1348956	0	0	0	0	0	0	0	0	0	0	0	0	0	0	0	0	0	0	31970.23434	0
1972	999.4599655	1624.122444	1998.919931	3010.668339	573.4606359	22651.69512	0	0	0	0	0	0	0	499.7299827	124.9324957	0	0	0	0	0	0	0	0	0	0	0	0	0	0	0	19614.40182	0
1970	365.630486	121.8768287	1706.275601	5119.543726	2213.856746	39711.05539	0	0	0	243.7536573	0	243.7536573	0	0	0	0	0	0	0	0	0	0	0	0	0	0	0	0	0	0	19134.6621	0
1968	189.7718904	379.5437808	379.5437808	3811.557428	3138.929646	51119.71138	0	0	0	759.0875616	0	759.0875616	0	0	0	0	0	0	379.5437808	0	0	189.7718904	0	0	0	0	0	0	0	0	26757.83654	0
1966	0	403.7404514	2220.572483	9480.559872	1849.865341	39540.87166	0	0	201.8702257	0	0	0	0	0	0	0	0	0	0	0	0	0	0	0	0	0	0	201.8702257	0	0	20388.89279	0
1964	0	0	244.7959158	7397.777492	7397.777492	15069.54674	0	0	0	0	0	0	0	0	0	0	0	0	0	0	0	0	0	0	0	0	0	0	0	0	17135.7141	0
1961	242.4699137	121.2349569	1091.114612	14356.23947	8496.549893	22852.78937	0	0	0	0	0	0	0	0	0	0	0	0	0	0	0	0	0	0	0	0	0	0	0	0	20852.41258	0
1959	220.3225081	0	881.2900325	12793.28564	6275.951445	46586.87034	0	0	0	0	0	0	0	0	440.6450163	0	0	0	440.6450163	0	0	0	0	0	0	0	0	0	0	0	66096.75244	0
1957	99.35574948	99.35574948	0	1537.915052	1757.617202	12303.32041	0	0	0	0	0	0	0	0	0	0	0	0	0	0	0	0	0	0	0	0	0	0	0	0	24242.80287	0
1955	118.8542695	237.708539	475.417078	3130.468099	272.2146173	13474.62355	0	0	0	0	0	237.708539	0	0	118.8542695	0	0	0	0	0	0	0	0	0	0	0	0	0	0	0	26385.64783	0
1953	0	0	422.7858136	7412.007398	926.5009247	61843.93673	0	0	0	0	0	422.7858136	0	0	422.7858136	0	0	0	0	0	0	0	0	0	0	0	0	0	0	0	18813.9687	0
1950	185.5604619	0	2597.846467	11620.72393	5164.76619	14203.10702	0	0	0	371.1209239	0	0	0	0	0	0	0	0	185.5604619	371.1209239	0	0	0	0	0	0	0	185.5604619	0	0	43050.02717	0
1948	193.9526355	96.97631773	1551.621084	5896.567012	2509.177452	9534.874317	0	0	193.9526355	0	0	0	193.9526355	0	0	0	0	0	0	0	0	0	0	0	0	0	0	193.9526355	0	0	23565.24521	0
1946	82.61791546	110.1572206	4929.535623	425.9986266	1088.663157	3029.323567	0	0	55.07861031	82.61791546	110.1572206	110.1572206	0	110.1572206	0	0	0	0	55.07861031	110.1572206	0	0	165.2358309	0	0	0	0	55.07861031	0	55.07861031	2616.23399	0
1944	16.995016	135.960128	1937.431823	40.95693296	40.95693296	3215.119237	16.995016	0	0	50.98504799	0	101.970096	67.98006398	67.98006398	0	0	0	0	33.99003199	33.99003199	33.99003199	84.97507998	67.98006398	33.99003199	0	0	16.995016	0	0	67.98006398	237.9302239	0
1942	32.20690947	96.62072842	4863.24333	0	0	7761.865183	0	0	0	193.2414568	96.62072842	322.0690947	64.41381895	128.8276379	64.41381895	0	0	64.41381895	0	0	0	64.41381895	193.2414568	0	32.20690947	0	64.41381895	0	0	0	515.3105516	0
1939	58.42506327	175.2751898	5462.743416	98.56441971	295.6932591	6061.711812	0	0	0	0	0	292.1253163	0	58.42506327	58.42506327	0	0	0	116.8501265	0	0	0	116.8501265	0	58.42506327	0	29.21253163	58.42506327	0	0	438.1879745	0
1937	90.31483104	301.0494368	5448.994806	0	167.005527	5552.933772	0	0	60.20988736	90.31483104	150.5247184	180.6296621	180.6296621	180.6296621	0	0	0	120.4197747	60.20988736	0	0	60.20988736	120.4197747	0	60.20988736	0	0	0	0	0	301.0494368	0
1935	28.00097472	112.0038989	2016.07018	78.16938776	39.08469388	5510.941837	0	0	28.00097472	140.0048736	0	56.00194944	56.00194944	168.0058483	0	0	0	0	112.0038989	28.00097472	56.00194944	56.00194944	84.00292416	0	28.00097472	0	28.00097472	28.00097472	0	0	168.0058483	56.00194944
1933	0	71.37594723	3390.357493	108.9930005	0	7956.489036	0	0	0	142.7518945	0	642.383525	0	214.1278417	0	0	0	0	142.7518945	0	0	178.4398681	178.4398681	0	0	0	0	0	0	0	142.7518945	71.37594723
1931	23.9976759	47.99535179	1439.860554	0	0	5591.458484	0	95.99070358	0	71.99302769	47.99535179	623.9395733	119.9883795	95.99070358	95.99070358	0	0	143.9860554	47.99535179	0	0	23.9976759	143.9860554	0	47.99535179	0	0	0	47.99535179	47.99535179	71.99302769	47.99535179
1929	141.0744952	376.198654	4937.607333	0	0	11003.81063	0	0	94.04966349	94.04966349	0	564.297981	188.099327	94.04966349	47.02483175	329.1738222	0	0	376.198654	188.099327	188.099327	47.02483175	329.1738222	0	0	0	0	188.099327	0	0	470.2483175	94.04966349
1926	63.64924348	127.298487	1877.652683	0	0	10152.05433	0	0	63.64924348	127.298487	95.47386522	318.2462174	0	190.9477304	63.64924348	0	63.64924348	63.64924348	127.298487	0	0	63.64924348	318.2462174	63.64924348	63.64924348	0	0	0	0	0	127.298487	127.298487
1924	29.22559262	116.9023705	1256.700482	0	0	8709.226599	0	0	29.22559262	116.9023705	0	526.0606671	58.45118523	58.45118523	0	0	0	0	175.3535557	0	0	58.45118523	0	0	58.45118523	0	0	29.22559262	0	0	146.1279631	0
1922	66.23689428	132.4737886	397.4213657	0	0	10763.49532	0	0	33.11844714	66.23689428	0	0	0	0	0	33.11844714	66.23689428	0	0	33.11844714	0	132.4737886	33.11844714	132.4737886	66.23689428	0	0	0	0	0	66.23689428	0
1920	43.56390139	174.2556056	1089.097535	0	0	13853.32064	0	0	0	87.12780279	0	348.5112112	87.12780279	43.56390139	0	0	0	87.12780279	0	43.56390139	0	87.12780279	0	0	130.6917042	0	0	0	0	0	174.2556056	0
1918	0	196.8821656	2362.585987	1491.891582	6216.214926	6713.51212	0	0	0	98.44108278	0	0	196.8821656	0	0	0	0	0	0	49.22054139	0	98.44108278	0	0	0	0	0	0	0	0	787.5286623	0
1915	117.226836	117.226836	859.6634642	0	0	17544.94979	0	0	0	78.15122402	0	234.4536721	0	0	0	78.15122402	0	0	0	0	0	0	39.07561201	0	78.15122402	0	39.07561201	0	0	0	156.302448	78.15122402
1913	51.77463034	103.5492607	1656.788171	399.2260653	0	16168.65564	0	0	207.0985214	207.0985214	0	310.647782	207.0985214	0	207.0985214	103.5492607	0	0	103.5492607	103.5492607	0	103.5492607	103.5492607	0	103.5492607	0	0	0	103.5492607	0	258.8731517	0
1911	22.13084109	88.52336438	199.1775699	0	0	8476.112139	0	0	0	0	22.13084109	88.52336438	0	44.26168219	0	0	0	0	0	0	44.26168219	66.39252328	44.26168219	22.13084109	0	0	22.13084109	0	0	0	88.52336438	88.52336438
1909	43.95301249	351.6240999	879.0602498	0	0	16174.7086	0	0	0	0	0	87.90602498	87.90602498	87.90602498	0	0	0	0	87.90602498	43.95301249	0	43.95301249	131.8590375	0	87.90602498	0	43.95301249	0	0	0	439.5301249	0
1907	27.17264216	27.17264216	271.7264216	0	0	11276.6465	0	0	27.17264216	0	27.17264216	54.34528432	0	27.17264216	54.34528432	0	0	0	108.6905686	54.34528432	108.6905686	0	54.34528432	54.34528432	54.34528432	0	0	54.34528432	0	0	54.34528432	27.17264216
1904	126.7496616	126.7496616	633.7483082	0	0	25223.18266	0	0	126.7496616	126.7496616	0	253.4993233	126.7496616	380.2489849	253.4993233	0	0	0	0	63.37483082	0	126.7496616	316.8741541	0	126.7496616	0	0	0	0	0	760.4979698	126.7496616
1902	62.56581188	312.8290594	500.526495	0	0	21209.81023	0	0	125.1316238	250.2632475	0	875.9213663	62.56581188	0	125.1316238	0	0	0	62.56581188	62.56581188	0	250.2632475	500.526495	0	125.1316238	250.2632475	0	0	125.1316238	0	250.2632475	0
1900	0	162.3437322	1623.437322	0	1000.727547	24893.09773	0	0	0	162.3437322	0	324.6874643	324.6874643	0	0	0	0	0	162.3437322	0	0	0	162.3437322	0	0	0	0	0	0	0	162.3437322	162.3437322
1898	58.2156379	58.2156379	582.156379	0	0	17464.69137	0	0	0	232.8625516	0	582.156379	116.4312758	0	0	0	0	0	0	58.2156379	0	0	0	0	58.2156379	0	0	0	0	0	116.4312758	116.4312758
1896	0	289.0794782	433.6192173	0	0	23054.08839	0	0	0	0	144.5397391	144.5397391	0	722.6986955	0	0	0	0	0	72.26986955	144.5397391	144.5397391	505.8890868	0	144.5397391	0	0	72.26986955	0	0	144.5397391	144.5397391
1894	61.09715124	122.1943025	488.7772099	0	0	20223.15706	0	0	61.09715124	122.1943025	122.1943025	0	0	61.09715124	0	0	122.1943025	0	0	61.09715124	0	122.1943025	183.2914537	0	244.388605	0	0	0	0	0	122.1943025	0
1891	0	360.2891571	180.1445785	0	0	32245.87956	0	0	180.1445785	360.2891571	90.07228927	180.1445785	0	180.1445785	180.1445785	0	0	0	180.1445785	0	0	0	270.2168678	0	90.07228927	0	0	0	0	0	90.07228927	180.1445785
1889	0	390.0688975	468.0826769	0	0	29411.19487	0	0	312.055118	312.055118	0	0	0	156.027559	0	0	0	0	0	0	0	0	156.027559	468.0826769	156.027559	0	0	0	0	0	156.027559	0
1887	139.3562906	836.1377437	0	0	0	47938.56397	0	0	278.7125812	278.7125812	0	557.4251625	0	278.7125812	557.4251625	0	0	0	0	139.3562906	0	0	557.4251625	0	139.3562906	0	0	0	0	0	278.7125812	278.7125812
1885	79.91345125	159.8269025	0	0	0	33883.30333	0	0	159.8269025	319.653805	0	159.8269025	0	159.8269025	0	0	0	0	0	79.91345125	0	159.8269025	0	0	159.8269025	0	0	0	0	0	239.7403537	0
1883	0	108.6135923	217.2271846	500.9736986	7765.092328	44085.68547	0	0	0	217.2271846	0	217.2271846	651.6815539	325.840777	0	0	0	0	0	0	0	0	0	108.6135923	217.2271846	0	0	0	0	217.2271846	0	0
1880	0	162.6600796	162.6600796	0	0	35541.2274	0	0	81.33003981	162.6600796	0	325.3201592	0	162.6600796	0	162.6600796	0	0	0	81.33003981	0	0	162.6600796	0	0	0	0	0	0	0	0	162.6600796
1878	0	0	223.6307395	449.1976759	561.4970949	11959.88812	0	0	74.54357984	74.54357984	0	74.54357984	74.54357984	0	0	0	0	0	149.0871597	74.54357984	0	0	186.3589496	74.54357984	0	0	0	0	0	37.27178992	0	0
1876	0	114.8123983	0	0	0	14466.36219	0	0	38.27079943	76.54159887	0	0	76.54159887	76.54159887	114.8123983	0	0	76.54159887	76.54159887	0	0	76.54159887	229.6247966	0	0	0	0	0	0	0	0	0
1874	0	168.054563	336.109126	2264.321049	3147.958531	8670.692797	0	0	33.6109126	67.22182519	0	201.6654756	0	67.22182519	0	0	0	0	67.22182519	100.8327378	0	0	67.22182519	0	33.6109126	0	0	0	0	0	168.054563	0
1872	0	37.4986038	74.99720759	0	0	12899.51971	0	0	37.4986038	0	74.99720759	74.99720759	74.99720759	74.99720759	0	0	0	0	0	0	0	74.99720759	74.99720759	0	0	0	0	0	0	0	74.99720759	0
1869	78.97468124	0	315.8987249	0	0	20375.46776	0	0	0	0	0	0	0	0	0	0	0	0	0	0	157.9493625	0	0	0	0	0	0	0	0	0	0	0
1867	0	253.7486267	0	0	0	29434.84069	0	0	169.1657511	0	84.58287555	169.1657511	169.1657511	338.3315022	84.58287555	0	0	169.1657511	0	169.1657511	0	84.58287555	253.7486267	0	0	0	0	84.58287555	0	169.1657511	0	0
1865	0	0	138.9746373	0	0	28767.74991	0	0	0	208.4619559	0	138.9746373	138.9746373	277.9492745	138.9746373	0	0	0	138.9746373	69.48731863	0	138.9746373	69.48731863	0	138.9746373	0	0	0	0	0	0	0
1863	0	0	220.0244388	447.9068932	2687.441359	26127.90211	0	0	0	0	0	0	220.0244388	880.0977551	0	0	0	0	220.0244388	0	0	220.0244388	0	0	0	0	0	0	0	0	0	220.0244388
1861	0	106.6034078	0	0	3225.082108	16869.66026	0	0	0	53.30170389	0	213.2068155	106.6034078	106.6034078	0	0	0	0	0	0	0	0	0	213.2068155	0	106.6034078	0	0	0	0	0	53.30170389
1858	0	90.8949626	0	0	1485.044459	9058.771202	0	0	0	45.4474813	0	45.4474813	45.4474813	136.3424439	0	0	0	0	0	0	0	0	45.4474813	45.4474813	0	45.4474813	0	0	0	0	0	0
1856	0	118.8953497	118.8953497	0	2977.216886	12281.01966	0	0	79.26356646	118.8953497	0	0	79.26356646	79.26356646	0	0	0	0	0	0	0	0	118.8953497	0	0	0	0	0	0	0	0	0
1854	0	50.78855076	406.3084061	0	721.4421849	9258.508039	0	50.78855076	0	50.78855076	0	50.78855076	50.78855076	101.5771015	0	0	0	0	0	0	0	0	0	0	50.78855076	0	0	0	0	0	50.78855076	25.39427538
1852	0	54.83689658	959.6456901	0	99.52896729	3218.103276	0	0	0	27.41844829	0	54.83689658	27.41844829	27.41844829	0	0	0	0	27.41844829	0	0	27.41844829	0	27.41844829	27.41844829	0	0	0	0	27.41844829	0	0
1850	0	31.48496286	283.3646658	0	66.26678048	6262.210755	0	0	31.48496286	0	0	62.96992573	31.48496286	0	0	0	0	62.96992573	0	0	0	31.48496286	31.48496286	0	31.48496286	31.48496286	0	0	0	0	0	31.48496286
1848	0	83.83804545	3060.088659	0	0	15635.79548	0	0	0	83.83804545	83.83804545	167.6760909	83.83804545	0	0	0	0	0	251.5141364	0	0	83.83804545	83.83804545	167.6760909	0	0	0	83.83804545	0	0	83.83804545	0
1845	0	134.6472819	2423.651073	0	78.54424775	15473.21681	0	67.32364093	201.9709228	33.66182046	0	269.2945637	134.6472819	134.6472819	0	0	0	0	67.32364093	0	0	67.32364093	100.9854614	0	134.6472819	0	0	0	0	0	0	67.32364093
1843	0	117.2173241	2461.563806	0	0	26608.33257	0	117.2173241	117.2173241	117.2173241	0	234.4346482	117.2173241	234.4346482	0	0	0	0	117.2173241	117.2173241	0	0	117.2173241	0	0	117.2173241	0	0	0	0	0	0
1841	0	139.6627922	0	0	0	52792.53544	0	279.3255844	0	279.3255844	0	1396.627922	279.3255844	0	0	0	0	0	279.3255844	0	0	0	139.6627922	279.3255844	0	558.6511687	0	0	0	0	0	139.6627922
1839	47.70176768	0	95.40353536	0	0	24804.91919	0	95.40353536	0	95.40353536	0	95.40353536	0	190.8070707	0	0	0	0	95.40353536	0	0	190.8070707	47.70176768	0	95.40353536	0	0	0	0	0	0	0
1837	0	47.11156145	188.4462458	0	0	18279.28584	0	0	47.11156145	0	0	0	0	94.2231229	0	0	0	0	0	0	0	94.2231229	188.4462458	0	0	0	0	0	0	0	0	0